001
007
009
014
015
021
035
042
047
060
067
074
075
076
078
085
091
095
097
098
101
108
122
128
135
136
144
145
146
147
152
153
154
156
158
159
161
163
168
171
174
178
184
187
192
196
199
231
233
238
241
255
257
259
261
266
269
271
278
279
282
284
296
298
299
304
322
328
333
335
340
355
360
363
372
381
383
385
392
400
410
413
414
418
421
424
426
428
435
436
438
442
443
447
457
463
468
469
473
481
001
002
012
016
022
029
036
043
064
072
074
088
089
106
107
111
124
130
133
134
137
138
142
170
178
179
180
186
203
209
210
215
216
227
230
245
249
253
254
259
262
271
275
278
282
292
298
303
306
307
311
319
320
322
329
331
332
334
341
344
354
366
383
393
398
399
401
407
420
423
426
427
428
432
434
440
441
467
469
476
